Norte = -23.354809632
Sul = -24.012195734
Leste = -46.359779496
Oeste = -46.832920615

verde = #00fa29
laranja = #ffbb45
